ENTRY       G00110                      Glycan
NAME        GM1
COMPOSITION (Gal)2 (GalNAc)1 (Glc)1 (Neu5Ac)1 (Cer)1
MASS        980.9 (Cer)
REMARK      Same as: C04911
REACTION    R05941 R05942 R05944 R06003 R06005 R06010 R06253
PATHWAY     map00604  Glycosphingolipid biosynthesis - ganglio series
            map01100  Metabolic pathways
ENZYME      2.4.1.62        2.4.99.2        2.4.99.4        2.4.99.8        
            2.4.99.9        3.2.1.18        3.2.1.23
ORTHOLOGY   K00715  ganglioside galactosyltransferase [EC:2.4.1.62]
            K03368  beta-galactoside alpha-2,3-sialyltransferase (sialyltransferase 4B) [EC:2.4.99.4]
BRITE       Compounds with biological roles [BR:br08001]
             Lipids
              Glycolipids
               Glycosphingolipids
                C04911  GM1
            Lipids [BR:br08002]
             SP  Sphingolipids
              SP06 Acidic glycosphingolipids
               SP0601 Gangliosides
                G00110  Gal-beta1->3GalNAc-beta1->4(Neu5Ac-alpha2->3)Gal-beta1->4Glc-beta1->1'Cer (GM1a)
            Carbohydrates in viral and bacterial infections [br08431.html]
             Viral infection
              G00110
             Bacterial infection
              G00110
REFERENCE   1  [PMID:15546874]
            Ideo H, Seko A, Yamashita K.
            Galectin-4 binds to sulfated glycosphingolipids and carcinoembryonic antigen in patches on the cell surface of human colon adenocarcinoma cells.
            J. Biol. Chem. 280 (2005) 4730-7.
DBLINKS     CCSD: 901 902 2627 3575 3637 4096 4105 4198 5154 5444 5651 5662 6052 6058 6759 6905 7545 7680 8191 8213 8277 8636 9156 9320 9838 9903 9983 10284 10490 10700 10990 11323 11371 11387 11568 11616 11669 13091 13239 14382 14411 14434 14442 14489 14567 14725 14850 14867 14912 15429 15500 15815 15897 16013 16367 17023 17031 17691 17698 17990 18524 18542 18553 18630 18648 18657 18806 18895 18905 18915 18935 18952 19221 20306 20356 20462 20659 20662 20718 20754 20987 21014 21366 21513 21712 21772 21806 22090 22177 22207 22248 22663 22729 23036 23075 23721 23860 23882 23911 24104 24346 24567 24775 24820 24832 24963 24982 24988 25134 25256 25268 25271 25283 25335 25356 25400 25408 25418 25448 25500 25527 25540 25552 25578 25587 25761 25787 25811 25865 25879 25896 25913 25924 25940 25947 25958 25985 26006 26016 26019 26027 26172 26399 26588 26619 26671 26741 26924 27235 27244 27249 27255 27326 27387 27467 27476 27529 27560 27634 27672 27678 27859 27915 28328 28337 28494 28500 28524 28544 28546 28564 28565 28568 28892 29005 29148 29269 29336 29417 29571 29788 29884 29905 29951 29962 29993 30295 30642 30781 30800 30899 30928 31605 31633 31660 31694 32035 32066 32404 32523 32558 32585 32648 32684 32697 32708 32728 32747 32768 32780 32785 32870 32893 32904 32911 32912 33189 33235 33251 33339 33425 33521 33536 33571 33629 33649 33680 33780 33782 33803 33809 33833 33835 33900 33933 33944 33965 34659 34665 34688 34697 34756 34802 34803 34804 34808 34813 34859 34901 34932 34957 34988 35010 35156 35255 35284 35288 35294 35308 35316 35320 35327 35346 35348 35350 35357 35358 35364 35367 35380 35387 35398 35411 35418 35429 35431 35435 35438 35443 35447 35450 35451 35462 35464 35467 35468 35473 35476 35482 35485 35487 35493 35507 35515 35520 35535 35537 35545 35551 35558 35567 35572 35575 35580 35588 35594 35595 35598 35604 35609 35610 35617 35618 35619 35627 35630 35636 35637 35640 35642 35643 35649 35650 35651 35652 35654 35655 35660 35702 35705 35793 35927 35997 36123 36127 36147 36170 36227 36238 36271 36348 36388 36410 36449 36487 36567 36594 36659 36746 36805 36838 36866 36872 36890 36898 36927 36933 36937 36967 36968 36976 37002 37028 37058 37080 37083 37086 37087 37097 37101 37170 37174 37219 37247 37272 37276 37316 37337 37338 37341 37369 37371 37402 37541 37542 37545 37546 37547 37549 37551 37585 37602 37616 37640 37671 37672 38062 38116 38146 38218 38331 38362 38369 38379 38389 38408 38539 38625 39364 39373 39374 39389 39428 39515 39527 39531 39629 39661 40294 40331 40448 40562 40747 40810 41101 41189 41194 41201 41236 41240 41248 41872 41885 41910 41928 42037 42041 42046 42084 42085 42087 42140 42200 42205 42265 42579 42665 42699 42733 42956 42983 43344 43352 43401 43402 43407 43427 43431 43434 43435 43436 43438 43440 43470 43572 43608 43615 43619 43802 43806 43835 44044 44071 44086 44177 44178 44183 44188 44189 44197 44201 44203 44223 44224 44424 44499 44519 44751 44763 44764 44810 44820 44827 44851 44857 44881 44890 44938 44955 44965 45135 45143 45155 45251 45262 45312 45351 45474 45481 45656 45722 45728 45745 45774 46034 46054 46173 46177 46191 46205 46213 46251 46262 46501 46522 46528 46533 46598 46698 46769 46771 46807 46813 46923 47005 47011 47175 47209 47210 47324 47331 47378 47395 47402 47429 47572 47667 47694 47719 47722 47872 47927 47961 47967 48175 48198 48211 48368 48377 48386 48430 48516 48539 48558 48575 48619 48710 48893 48903 48916 48928 48936 49094 49146 49452 49456 49457 49473 49484 49491 49503 49533 49538 49611 49683 49692 50112 50160 50186 50190 50209 50212 50262 50281 50359 50360 50393 50698 50715 50792 50795
            GlycomeDB: 124
            JCGGDB: JCGG-STR002614
            LipidBank: GSG1091
            GlycoEpitope: EP0050 EP0068 EP0301 EP0324
NODE        6
            1   Cer        16     0
            2   Glc         9     0
            3   Gal         2     0
            4   GalNAc     -7     4
            5   Neu5Ac     -7    -4
            6   Gal       -16     4
EDGE        5
            1     2:b1    1:1  
            2     3:b1    2:4  
            3     4:b1    3:4  
            4     5:a2    3:3  
            5     6:b1    4:3  
///
