ENTRY       G00108                      Glycan
NAME        GM3;
            Hematoside
COMPOSITION (Gal)1 (Glc)1 (Neu5Ac)1 (Cer)1
MASS        615.5 (Cer)
REMARK      Same as: C04730
REACTION    R05937 R05939 R05940 R05999 R06004 R06011
PATHWAY     map00604  Glycosphingolipid biosynthesis - ganglio series
            map01100  Metabolic pathways
MODULE      M00069  Glycosphingolipid biosynthesis, ganglio series, LacCer => GT3
ENZYME      2.4.1.92        2.4.1.165       2.4.99.8        2.4.99.9        
            3.2.1.18        3.2.1.52
ORTHOLOGY   K00725  (N-Acetylneuraminyl)-galactosylglucosylceramide N-acetylgalactosaminyltransferase [EC:2.4.1.92]
            K03370  lactosylceramide alpha-2,3-sialyltransferase (sialyltransferase 9) [EC:2.4.99.9]
            K03371  alpha-N-acetyl-neuraminate alpha-2,8-sialyltransferase (sialyltransferase 8A) [EC:2.4.99.8]
BRITE       Compounds with biological roles [BR:br08001]
             Lipids
              Glycolipids
               Glycosphingolipids
                C04730  GM3
            Lipids [BR:br08002]
             SP  Sphingolipids
              SP06 Acidic glycosphingolipids
               SP0601 Gangliosides
                G00108  Neu5Ac-alpha2->3Gal-beta1->4Glc-beta1->1'Cer (GM3)
            Cancer-accociated carbohydrates [br08441.html]
             G00108
            Carbohydrates in viral and bacterial infections [br08431.html]
             Viral infection
              G00108
             Bacterial infection
              G00108
REFERENCE   1  [PMID:3392043]
            Larson G, Falk P, Hoskins LC.
            Degradation of human intestinal glycosphingolipids by extracellular glycosidases from mucin-degrading bacteria of the human fecal flora.
            J. Biol. Chem. 263 (1988) 10790-8.
            2  [PMID:15546874]
            Ideo H, Seko A, Yamashita K.
            Galectin-4 binds to sulfated glycosphingolipids and carcinoembryonic antigen in patches on the cell surface of human colon adenocarcinoma cells.
            J. Biol. Chem. 280 (2005) 4730-7.
DBLINKS     CCSD: 207 247 248 249 250 1750 2291 2378 2379 2380 3580 3690 4039 5118 5167 5572 5639 5655 5671 6043 6277 6853 7452 7519 8132 8204 8270 8367 8471 8653 9150 9317 9911 9955 10294 10301 10708 11325 11389 11571 11591 11598 11601 11608 11662 14054 14068 14433 14440 14492 14563 14726 14869 15351 16228 16237 16276 16363 16549 16572 16683 16874 16893 17020 17105 17464 17689 17968 17993 18560 18627 18939 18955 19080 19179 19360 19365 20347 20355 20452 20463 20731 20801 20985 21331 21341 21512 21715 21767 21801 22088 22167 22204 22997 23081 23653 23858 23881 23899 23908 23941 24102 24249 24356 24648 24773 24819 24962 24981 25133 25280 25311 25322 25332 25354 25404 25410 25443 25446 25524 25542 25585 25662 25758 25866 25898 25915 25922 25942 25945 25956 25963 25983 26004 26014 26024 26066 26273 26402 26599 26610 26666 26739 26922 27242 27250 27259 27328 27446 27453 27469 27530 27554 27557 27599 27646 27661 27670 27857 28119 28234 28322 28487 28499 28548 28552 29289 29399 29473 29568 29606 29790 29903 29911 29953 29960 29995 30641 30644 30743 30744 30782 30926 31634 31675 31693 32037 32080 32087 32224 32408 32529 32556 32583 32682 32702 32745 32767 32786 32842 32850 32879 32896 32907 33056 33188 33241 33325 33338 33522 33630 33651 33678 33808 33823 33942 34099 34657 34680 34689 34695 34747 34754 34811 34819 34856 34886 34893 34903 34905 34931 35153 35256 35309 35318 35329 35355 35379 35386 35393 35409 35421 35463 35474 35486 35494 35523 35542 35546 35557 35565 35573 35629 35656 35798 35854 35914 35929 36109 36138 36169 36228 36384 36409 36466 36475 36565 36633 36653 36843 36861 36864 36888 36897 36922 36935 36957 36979 36995 37001 37021 37029 37056 37073 37075 37081 37098 37217 37257 37258 37339 37366 37605 37618 37623 37638 38063 38064 38077 38081 38088 38114 38298 38333 38405 38406 38538 38630 39200 39204 39387 39432 39526 39660 39784 40325 40332 40361 40452 40563 40681 40730 40803 41009 41103 41128 41191 41873 41883 41909 41927 42035 42043 42053 42204 42700 42735 42937 42959 43025 43353 43390 43498 43574 43607 43836 44042 44069 44083 44190 44426 44497 44501 44598 44625 44694 44801 44806 44822 44852 44880 44896 44898 44900 44904 44928 44939 44956 44961 44985 45074 45132 45140 45157 45163 45165 45245 45252 45292 45310 45356 45663 45720 46030 46036 46053 46264 46366 46410 46526 46537 46700 46770 46806 46843 46863 46986 47078 47207 47333 47374 47393 47406 47427 47523 47628 47663 47692 47695 47710 47723 47737 47750 47854 47928 47959 47999 48172 48206 48209 48251 48355 48371 48415 48416 48421 48431 48535 48578 48598 48897 48902 48926 48937 48939 49474 49501 50110 50168 50210 50264 50700 50793
            GlycomeDB: 146
            JCGGDB: JCGG-STR005020
            LipidBank: GSG1089 GSG3001 GSG3002 GSG3003
            GlycoEpitope: EP0053 EP0301 EP0304 EP0305
NODE        4
            1   Cer        13     0
            2   Glc         5     0
            3   Gal        -3     0
            4   Neu5Ac    -13     0
EDGE        3
            1     2:b1    1:1  
            2     3:b1    2:4  
            3     4:a2    3:3  
///
