ENTRY       G00113                      Glycan
NAME        GD3;
            CD60a
COMPOSITION (Gal)1 (Glc)1 (Neu5Ac)2 (Cer)1
MASS        906.8 (Cer)
REMARK      Same as: C06133
REACTION    R05940 R05946 R05947
PATHWAY     map00604  Glycosphingolipid biosynthesis - ganglio series
            map01100  Metabolic pathways
MODULE      M00069  Glycosphingolipid biosynthesis, ganglio series, LacCer => GT3
ENZYME      2.4.1.92        2.4.99.8
ORTHOLOGY   K00725  (N-Acetylneuraminyl)-galactosylglucosylceramide N-acetylgalactosaminyltransferase [EC:2.4.1.92]
            K03369  alpha-N-acetyl-neuraminate alpha-2,8-sialyltransferase (sialyltransferase 8E) [EC:2.4.99.-]
            K03371  alpha-N-acetyl-neuraminate alpha-2,8-sialyltransferase (sialyltransferase 8A) [EC:2.4.99.8]
            K03372  MFS transporter, PAT family, solute carrier family 33 (acetyl-CoA transportor), member 1 [EC:2.3.1.-]
BRITE       Lipids [BR:br08002]
             SP  Sphingolipids
              SP06 Acidic glycosphingolipids
               SP0601 Gangliosides
                G00113  Neu5Ac-alpha2->8Neu5Ac-alpha2->3Gal-beta1->4Glc-beta1->1'Cer (GD3)
            Cancer-accociated carbohydrates [br08441.html]
             G00113
            Carbohydrates in viral and bacterial infections [br08431.html]
             Viral infection
              G00113
DBLINKS     CCSD: 174 496 528 3603 5204 5640 6818 6844 7806 8103 8276 9324 9954 10253 11258 11623 11718 12423 14385 14448 14491 14566 14868 15551 16050 16236 16687 17090 17097 17104 17979 18644 18754 18755 18892 18909 18953 19030 19031 19033 19034 19084 19178 19324 19326 19366 19923 20310 20349 20358 20722 20988 21043 21048 21050 21328 21342 21470 21562 21719 21804 22053 22205 22664 22722 23845 23856 23900 23913 24983 25035 25286 25336 25353 25374 25407 25413 25588 25660 25790 25812 25908 25925 25939 25948 25959 25965 25986 26005 26276 26670 26925 27248 27260 27454 27466 27673 27732 27834 27856 28120 28323 28514 28549 28553 28561 28943 29282 29475 29567 29912 29963 29992 30643 30924 31632 31866 31969 32041 32086 32091 32438 32559 32586 32687 32704 32843 32908 33217 33243 33342 33683 33796 34103 34660 34670 34681 34691 34698 34755 34814 34821 34826 34861 34885 34890 34892 34895 34909 34924 35159 35257 35305 35321 35332 35339 35368 35381 35388 35394 35412 35460 35477 35483 35488 35495 35506 35513 35522 35533 35544 35550 35559 35568 35576 35581 35605 35626 35644 35645 35658 35794 35801 35937 36106 36125 36180 36637 36649 36654 36830 36867 36876 36936 36956 36994 37003 37023 37222 37277 37342 37479 37484 37526 37606 37643 38079 38083 38103 38117 38137 38299 38370 38384 38632 39202 39205 39390 39429 39659 39786 40328 40561 40735 41106 41192 41886 42036 42047 42143 42203 42400 42698 42737 42988 43391 43398 43461 43495 43609 43620 43709 43815 43834 43837 44047 44074 44084 44192 44427 44496 44626 44812 44823 44850 44885 44901 44927 44941 44987 45136 45144 45158 45164 45358 45664 45723 46031 46040 46266 46346 46411 46513 46529 46538 46541 46542 46552 46866 46988 47032 47036 47037 47375 47388 47524 47570 47696 47870 48000 48212 48414 48418 48423 48429 48484 48538 48900 48904 48920 49453 49476 49480 49485 49489 49502 49536 50111 50175 50179 50213 50697 50796
            GlycomeDB: 132
            JCGGDB: JCGG-STR003473
            LipidBank: GSG1101 GSG3015
            GlycoEpitope: EP0062 EP0308 EP0316
NODE        5
            1   Cer        18     0
            2   Glc        10     0
            3   Gal         2     0
            4   Neu5Ac     -8     0
            5   Neu5Ac    -19     0
EDGE        4
            1     2:b1    1:1  
            2     3:b1    2:4  
            3     4:a2    3:3  
            4     5:a2    4:8  
///
