ENTRY       G00318                      Glycan
NAME        Cellotriose;
            Cellosaccharide
COMPOSITION (Glc)3
MASS        504.4
REMARK      Same as: C06219
REACTION    R06105 R06106
ENZYME      3.2.1.74
DBLINKS     CCSD: 3479 3577 3578 3630 3631 3684 3685 3686 3687 8401 8750 9119 9764 9879 10005 10006 10007 10123 10277 10523 10575 10896 10899 12128 12450 12466 12606 12607 13096 13146 13208 13673 13750 15990 16766 16781 18351 18531 18547 18598 19006 19011 19098 20368 20395 20790 21220 21477 22385 23580 24853 25380 26009 29304 30476 40402 41056 41157 41635 41687 41711 41722 41723 41724 41725 44957
            GlycomeDB: 8944
            JCGGDB: JCGG-STR030207
NODE        3
            1   Glc        10     0
            2   Glc         0     0
            3   Glc       -10     0
EDGE        2
            1     2:b1    1:4  
            2     3:b1    2:4  
///
