ENTRY       G10238                      Glycan
NAME        Glucocerebroside;
            Glucosylceramide
COMPOSITION (Glc)1 (Cer)1
MASS        162.1 (Cer)
REMARK      Same as: C01190
REACTION    R06099 R06275 R06276
ENZYME      2.4.1.80        2.4.1.274       3.2.1.23
BRITE       Compounds with biological roles [BR:br08001]
             Lipids
              Glycolipids
               Glycosphingolipids
                C01190  Glucosylceramide
            Lipids [BR:br08002]
             SP  Sphingolipids
              SP05 Neutral glycosphingolipids
               SP0501 Simple Glc series
                G10238  Glc-beta1->1'Cer (GlcCer)
DBLINKS     CCSD: 1350 1396 5496 5720 6230 7434 10019 10044 10279 11309 11372 11625 12035 15488 15579 15582 16866 17966 19338 21308 24059 24072 24314 24967 25037 25489 26177 26734 29094 29268 29592 30837 31751 31973 32044 32210 32527 32672 32734 32889 33183 33462 33535 33587 33624 33672 33786 33896 33977 35065 35314 35553 35556 35593 35947 36160 36456 36461 36642 36647 36656 36760 36980 36987 36989 37060 37070 37091 37241 37563 37669 37837 38090 38112 39380 39584 39585 39588 39589 39783 39983 40062 40780 40847 41230 41867 41901 41924 42402 42663 42914 43793 43827 44036 44064 44082 44107 44234 44753 44905 44990 45298 46399 46800 46906 47421 47555 47590 47595 47630 47698 47718 47735 47747 47833 47856 47913 48180 48192 48202 48250 48375 48503 48520 48567 48569 48571 48599 48605 48834 49323 49444 49509 50167 50269 50524
            GlycomeDB: 56
            LipidBank: GSG1141
NODE        2
            1   Cer         4     0
            2   Glc        -5     0
EDGE        1
            1     2:b1    1:1  
///
